[128   0   0   0   0   0   0   0   0   0   0   0   0   0   0   0]: 0.752435028553009
[64  0  0  0  0  0  0  0  0  0  0  0  0  0  0  0]: 0.7527549862861633
[32  0  0  0  0  0  0  0  0  0  0  0  0  0  0  0]: 0.7534499764442444
[16  0  0  0  0  0  0  0  0  0  0  0  0  0  0  0]: 0.7515199780464172
[8 0 0 0 0 0 0 0 0 0 0 0 0 0 0 0]: 0.7433350086212158
[4 0 0 0 0 0 0 0 0 0 0 0 0 0 0 0]: 0.7364699840545654
[2 0 0 0 0 0 0 0 0 0 0 0 0 0 0 0]: 0.7424799799919128
[1 0 0 0 0 0 0 0 0 0 0 0 0 0 0 0]: 0.7396150231361389
[  0 128   0   0   0   0   0   0   0   0   0   0   0   0   0   0]: 0.7522799968719482
[ 0 64  0  0  0  0  0  0  0  0  0  0  0  0  0  0]: 0.7469649910926819
[ 0 32  0  0  0  0  0  0  0  0  0  0  0  0  0  0]: 0.7534099817276001
[ 0 16  0  0  0  0  0  0  0  0  0  0  0  0  0  0]: 0.7531650066375732
[0 8 0 0 0 0 0 0 0 0 0 0 0 0 0 0]: 0.7419800162315369
[0 4 0 0 0 0 0 0 0 0 0 0 0 0 0 0]: 0.7404999732971191
[0 2 0 0 0 0 0 0 0 0 0 0 0 0 0 0]: 0.7428399920463562
[0 1 0 0 0 0 0 0 0 0 0 0 0 0 0 0]: 0.7378950119018555
[  0   0 128   0   0   0   0   0   0   0   0   0   0   0   0   0]: 0.7491199970245361
[ 0  0 64  0  0  0  0  0  0  0  0  0  0  0  0  0]: 0.7450950145721436
[ 0  0 32  0  0  0  0  0  0  0  0  0  0  0  0  0]: 0.7506250143051147
[ 0  0 16  0  0  0  0  0  0  0  0  0  0  0  0  0]: 0.7496950030326843
[0 0 8 0 0 0 0 0 0 0 0 0 0 0 0 0]: 0.7402949929237366
[0 0 4 0 0 0 0 0 0 0 0 0 0 0 0 0]: 0.7361350059509277
[0 0 2 0 0 0 0 0 0 0 0 0 0 0 0 0]: 0.7417700290679932
[0 0 1 0 0 0 0 0 0 0 0 0 0 0 0 0]: 0.7376899719238281
[  0   0   0 128   0   0   0   0   0   0   0   0   0   0   0   0]: 0.7492300271987915
[ 0  0  0 64  0  0  0  0  0  0  0  0  0  0  0  0]: 0.7472900152206421
[ 0  0  0 32  0  0  0  0  0  0  0  0  0  0  0  0]: 0.7511600255966187
[ 0  0  0 16  0  0  0  0  0  0  0  0  0  0  0  0]: 0.746874988079071
[0 0 0 8 0 0 0 0 0 0 0 0 0 0 0 0]: 0.742995023727417
[0 0 0 4 0 0 0 0 0 0 0 0 0 0 0 0]: 0.7387099862098694
[0 0 0 2 0 0 0 0 0 0 0 0 0 0 0 0]: 0.7408300042152405
[0 0 0 1 0 0 0 0 0 0 0 0 0 0 0 0]: 0.7354050278663635
[  0   0   0   0 128   0   0   0   0   0   0   0   0   0   0   0]: 0.7559999823570251
[ 0  0  0  0 64  0  0  0  0  0  0  0  0  0  0  0]: 0.7554450035095215
[ 0  0  0  0 32  0  0  0  0  0  0  0  0  0  0  0]: 0.7571849822998047
[ 0  0  0  0 16  0  0  0  0  0  0  0  0  0  0  0]: 0.7562599778175354
[0 0 0 0 8 0 0 0 0 0 0 0 0 0 0 0]: 0.7461950182914734
[0 0 0 0 4 0 0 0 0 0 0 0 0 0 0 0]: 0.7384700179100037
[0 0 0 0 2 0 0 0 0 0 0 0 0 0 0 0]: 0.7489799857139587
[0 0 0 0 1 0 0 0 0 0 0 0 0 0 0 0]: 0.7392399907112122
[  0   0   0   0   0 128   0   0   0   0   0   0   0   0   0   0]: 0.756659984588623
[ 0  0  0  0  0 64  0  0  0  0  0  0  0  0  0  0]: 0.7574449777603149
[ 0  0  0  0  0 32  0  0  0  0  0  0  0  0  0  0]: 0.7576950192451477
[ 0  0  0  0  0 16  0  0  0  0  0  0  0  0  0  0]: 0.7557899951934814
[0 0 0 0 0 8 0 0 0 0 0 0 0 0 0 0]: 0.7459449768066406
[0 0 0 0 0 4 0 0 0 0 0 0 0 0 0 0]: 0.736329972743988
[0 0 0 0 0 2 0 0 0 0 0 0 0 0 0 0]: 0.7478100061416626
[0 0 0 0 0 1 0 0 0 0 0 0 0 0 0 0]: 0.740090012550354
[  0   0   0   0   0   0 128   0   0   0   0   0   0   0   0   0]: 0.7532699704170227
[ 0  0  0  0  0  0 64  0  0  0  0  0  0  0  0  0]: 0.751384973526001
[ 0  0  0  0  0  0 32  0  0  0  0  0  0  0  0  0]: 0.7528449892997742
[ 0  0  0  0  0  0 16  0  0  0  0  0  0  0  0  0]: 0.7500050067901611
[0 0 0 0 0 0 8 0 0 0 0 0 0 0 0 0]: 0.745989978313446
[0 0 0 0 0 0 4 0 0 0 0 0 0 0 0 0]: 0.7367200255393982
[0 0 0 0 0 0 2 0 0 0 0 0 0 0 0 0]: 0.7461349964141846
[0 0 0 0 0 0 1 0 0 0 0 0 0 0 0 0]: 0.7368500232696533
[  0   0   0   0   0   0   0 128   0   0   0   0   0   0   0   0]: 0.7560499906539917
[ 0  0  0  0  0  0  0 64  0  0  0  0  0  0  0  0]: 0.7491350173950195
[ 0  0  0  0  0  0  0 32  0  0  0  0  0  0  0  0]: 0.753154993057251
[ 0  0  0  0  0  0  0 16  0  0  0  0  0  0  0  0]: 0.7501999735832214
[0 0 0 0 0 0 0 8 0 0 0 0 0 0 0 0]: 0.7467150092124939
[0 0 0 0 0 0 0 4 0 0 0 0 0 0 0 0]: 0.7380149960517883
[0 0 0 0 0 0 0 2 0 0 0 0 0 0 0 0]: 0.7459250092506409
[0 0 0 0 0 0 0 1 0 0 0 0 0 0 0 0]: 0.7364649772644043
[  0   0   0   0   0   0   0   0 128   0   0   0   0   0   0   0]: 0.7323750257492065
[ 0  0  0  0  0  0  0  0 64  0  0  0  0  0  0  0]: 0.7373449802398682
[ 0  0  0  0  0  0  0  0 32  0  0  0  0  0  0  0]: 0.7373899817466736
[ 0  0  0  0  0  0  0  0 16  0  0  0  0  0  0  0]: 0.7340850234031677
[0 0 0 0 0 0 0 0 8 0 0 0 0 0 0 0]: 0.7208399772644043
[0 0 0 0 0 0 0 0 4 0 0 0 0 0 0 0]: 0.7217199802398682
[0 0 0 0 0 0 0 0 2 0 0 0 0 0 0 0]: 0.721340000629425
[0 0 0 0 0 0 0 0 1 0 0 0 0 0 0 0]: 0.7240650057792664
[  0   0   0   0   0   0   0   0   0 128   0   0   0   0   0   0]: 0.73785001039505
[ 0  0  0  0  0  0  0  0  0 64  0  0  0  0  0  0]: 0.7373149991035461
[ 0  0  0  0  0  0  0  0  0 32  0  0  0  0  0  0]: 0.7344300150871277
[ 0  0  0  0  0  0  0  0  0 16  0  0  0  0  0  0]: 0.7361850142478943
[0 0 0 0 0 0 0 0 0 8 0 0 0 0 0 0]: 0.7216299772262573
[0 0 0 0 0 0 0 0 0 4 0 0 0 0 0 0]: 0.7238600254058838
[0 0 0 0 0 0 0 0 0 2 0 0 0 0 0 0]: 0.7236549854278564
[0 0 0 0 0 0 0 0 0 1 0 0 0 0 0 0]: 0.7226549983024597
[  0   0   0   0   0   0   0   0   0   0 128   0   0   0   0   0]: 0.7340450286865234
[ 0  0  0  0  0  0  0  0  0  0 64  0  0  0  0  0]: 0.7336450219154358
[ 0  0  0  0  0  0  0  0  0  0 32  0  0  0  0  0]: 0.7315250039100647
[ 0  0  0  0  0  0  0  0  0  0 16  0  0  0  0  0]: 0.7322549819946289
[0 0 0 0 0 0 0 0 0 0 8 0 0 0 0 0]: 0.7227749824523926
[0 0 0 0 0 0 0 0 0 0 4 0 0 0 0 0]: 0.718114972114563
[0 0 0 0 0 0 0 0 0 0 2 0 0 0 0 0]: 0.7218300104141235
[0 0 0 0 0 0 0 0 0 0 1 0 0 0 0 0]: 0.7220799922943115
[  0   0   0   0   0   0   0   0   0   0   0 128   0   0   0   0]: 0.7329400181770325
[ 0  0  0  0  0  0  0  0  0  0  0 64  0  0  0  0]: 0.7343199849128723
[ 0  0  0  0  0  0  0  0  0  0  0 32  0  0  0  0]: 0.7327849864959717
[ 0  0  0  0  0  0  0  0  0  0  0 16  0  0  0  0]: 0.7347549796104431
[0 0 0 0 0 0 0 0 0 0 0 8 0 0 0 0]: 0.720395028591156
[0 0 0 0 0 0 0 0 0 0 0 4 0 0 0 0]: 0.7227399945259094
[0 0 0 0 0 0 0 0 0 0 0 2 0 0 0 0]: 0.7209050059318542
[0 0 0 0 0 0 0 0 0 0 0 1 0 0 0 0]: 0.7181900143623352
[  0   0   0   0   0   0   0   0   0   0   0   0 128   0   0   0]: 0.6827600002288818
[ 0  0  0  0  0  0  0  0  0  0  0  0 64  0  0  0]: 0.6868799924850464
[ 0  0  0  0  0  0  0  0  0  0  0  0 32  0  0  0]: 0.679295003414154
[ 0  0  0  0  0  0  0  0  0  0  0  0 16  0  0  0]: 0.6849899888038635
[0 0 0 0 0 0 0 0 0 0 0 0 8 0 0 0]: 0.6636800169944763
[0 0 0 0 0 0 0 0 0 0 0 0 4 0 0 0]: 0.6677650213241577
[0 0 0 0 0 0 0 0 0 0 0 0 2 0 0 0]: 0.6628900170326233
[0 0 0 0 0 0 0 0 0 0 0 0 1 0 0 0]: 0.6682549715042114
[  0   0   0   0   0   0   0   0   0   0   0   0   0 128   0   0]: 0.6793599724769592
[ 0  0  0  0  0  0  0  0  0  0  0  0  0 64  0  0]: 0.6854299902915955
[ 0  0  0  0  0  0  0  0  0  0  0  0  0 32  0  0]: 0.6793349981307983
[ 0  0  0  0  0  0  0  0  0  0  0  0  0 16  0  0]: 0.6844149827957153
[0 0 0 0 0 0 0 0 0 0 0 0 0 8 0 0]: 0.6661649942398071
[0 0 0 0 0 0 0 0 0 0 0 0 0 4 0 0]: 0.6696100234985352
[0 0 0 0 0 0 0 0 0 0 0 0 0 2 0 0]: 0.6638000011444092
[0 0 0 0 0 0 0 0 0 0 0 0 0 1 0 0]: 0.6667100191116333
[  0   0   0   0   0   0   0   0   0   0   0   0   0   0 128   0]: 0.6763650178909302
[ 0  0  0  0  0  0  0  0  0  0  0  0  0  0 64  0]: 0.6818400025367737
[ 0  0  0  0  0  0  0  0  0  0  0  0  0  0 32  0]: 0.6793850064277649
[ 0  0  0  0  0  0  0  0  0  0  0  0  0  0 16  0]: 0.6811850070953369
[0 0 0 0 0 0 0 0 0 0 0 0 0 0 8 0]: 0.6618949770927429
[0 0 0 0 0 0 0 0 0 0 0 0 0 0 4 0]: 0.667140007019043
[0 0 0 0 0 0 0 0 0 0 0 0 0 0 2 0]: 0.6631349921226501
[0 0 0 0 0 0 0 0 0 0 0 0 0 0 1 0]: 0.6682900190353394
[  0   0   0   0   0   0   0   0   0   0   0   0   0   0   0 128]: 0.6791149973869324
[ 0  0  0  0  0  0  0  0  0  0  0  0  0  0  0 64]: 0.6822249889373779
[ 0  0  0  0  0  0  0  0  0  0  0  0  0  0  0 32]: 0.6765649914741516
[ 0  0  0  0  0  0  0  0  0  0  0  0  0  0  0 16]: 0.6831099987030029
[0 0 0 0 0 0 0 0 0 0 0 0 0 0 0 8]: 0.6626099944114685
[0 0 0 0 0 0 0 0 0 0 0 0 0 0 0 4]: 0.6684849858283997
[0 0 0 0 0 0 0 0 0 0 0 0 0 0 0 2]: 0.659529983997345
[0 0 0 0 0 0 0 0 0 0 0 0 0 0 0 1]: 0.6687099933624268
[0.5, 0.55)     0
[0.55, 0.6)     0
[0.6, 0.65)     0
[0.65, 0.7)    32
[0.7, 0.75)    72
[0.75, 0.8)    24
Name: count, dtype: int64