[ 0  8  0  0  0  0  0  0  0  0  0  0  0 40  4  0]: 0.5029600262641907
[  0   1   0   0 128   0   0   0   0  32 128   0   0   0   0   0]: 0.5021049976348877
[ 0  0  0  0  2 32  4  0  0  0  0  0  0  0 32  0]: 0.5015299916267395
[ 0  0  8  0  0  0 16  0  0  2  0  0  0  0  8  0]: 0.5064550042152405
[  0   0 128   0   0   0   4   9   0   0   0   0   0   0   0   0]: 0.508840024471283
[  0   0   0   0   4   2   0   0   0   0   0   0   0   4   0 128]: 0.50204998254776
[  0   0   0   0   0   0   0   0   0  16   0   0   0   0   8 132]: 0.5011900067329407
[  0   0   8   0   0   0   0   0   0   0   0   0   0   0  66 128]: 0.5033149719238281
[ 0 32  0  0  0  0  0  0  0  1 16  0  0  0  0  4]: 0.5020800232887268
[68  0  0  0  1  0  0  0  0  0  0 32  0  0  0  0]: 0.503695011138916
[  0   0   0   0 129   1   0   0   0   0   0   0  16   0   0   0]: 0.5071099996566772
[ 0  0  0  1  0  0  0 64  0  0  0  0  4  0  0  2]: 0.5037000179290771
[0 4 0 0 0 0 2 0 1 0 0 0 0 0 0 2]: 0.5021100044250488
[0 0 0 0 0 0 0 1 0 2 0 0 8 0 1 0]: 0.5028049945831299
[  0   0   0   0   0   4   0  12   0   0   0   0   0   0   0 128]: 0.5035200119018555
[  0   0   0   0 128   0   0   0   0   0   0   0   1   0  33   0]: 0.5008950233459473
[ 0  0 64  0  0  0  0  0  0  0  3  0  0 16  0  0]: 0.5029000043869019
[  2   0 128   0  32   0   0   0   0   0   0   0   0  16   0   0]: 0.5027099847793579
[ 0  0 16  0  0  0  0  0  0  0  0  2  0 17  0  0]: 0.5020599961280823
[ 0  0  0  1  0  0  0  4  0  0 16 32  0  0  0  0]: 0.5073800086975098
[ 4  0  0  0  0  0  0 32  0  0  0  0  2 16  0  0]: 0.5022150278091431
[ 4  0  0  0  8  0  0 32  0  0  0  0  0  1  0  0]: 0.5041249990463257
[  0   0   0 128   0   0  32   0   0   0  65   0   0   0   0   0]: 0.5085849761962891
[ 0 16  0  0 16  0  0 32 16  0  0  0  0  0  0  0]: 0.5081599950790405
[ 0  0 32  0  0  4  0  0  4  0  1  0  0  0  0  0]: 0.5022199749946594
[ 0  0  8  0  0  0  8  0  0  0  0  0 32  0  1  0]: 0.507515013217926
[  0   0   4   0  32   0   8   0   0   0   0   0 128   0   0   0]: 0.505020022392273
[ 0  0  4  0  8  0  4  0  0  0  0  0  0 16  0  0]: 0.5048350095748901
[ 0  0 64  0  0  0  4  0  0  0  0  0  0  0  0 96]: 0.5063999891281128
[ 0  0  0  0  0  2  0  0  2  0  0  0  0  0  4 16]: 0.502905011177063
[  0   0   0   0   0   8   0   0   1   0   0   0 128   0   0   4]: 0.49998998641967773
[ 0  0  1  0 16  4  0  0  2  0  0  0  0  0  0  0]: 0.5030249953269958
[0 0 0 0 6 0 0 2 0 0 2 0 0 0 0 0]: 0.5040550231933594
[ 0  2  0  0  0  0  1  0  0  0  0  1 16  0  0  0]: 0.5030800104141235
[  0  16   0   1 128   0   0   0   0   0   0 128   0   0   0   0]: 0.5024049878120422
[  0   0   0   0   4   0   0   0   4   0   0   0   8   0 128   0]: 0.5063999891281128
[  0 128  32   0   0   0   0   0   0   0   1  64   0   0   0   0]: 0.503790020942688
[ 0  0  0  0 64  1  0  0  0  0 10  0  0  0  0  0]: 0.5047500133514404
[ 0  0 16  0  0  0 64 10  0  0  0  0  0  0  0  0]: 0.5188050270080566
[ 0  1  0  0  8  0  0  0  0  0  0 65  0  0  0  0]: 0.5033050179481506
[ 0 64 32  0  0  0 32  0  0  0  0  0  0  0  0  8]: 0.505020022392273
[ 0  0  8  4  0  0  8 16  0  0  0  0  0  0  0  0]: 0.5133749842643738
[  4   0   0  16 128   0   0  32   0   0   0   0   0   0   0   0]: 0.5035899877548218
[ 0  0  0  0  0  0 64 16  0  0  4  0  0  0  0 16]: 0.51774001121521
[  0  64   0   0   0  16   0   0   0   0   0   0 128   0   0   4]: 0.5026149749755859
[ 0 32  0  0  0  0  0  0  8 32  0  8  0  0  0  0]: 0.5079749822616577
[  0   0   0   0   0   2   4   0   0 128   0   0   0   1   0   0]: 0.5040050148963928
[ 0  0  0 64 65  1  0  0  0  0  0  0  0  0  0  0]: 0.5045049786567688
[ 0  0  0  0  0  0  0  0  0  1  0 32  2  0 32  0]: 0.5020449757575989
[ 0  0  0  4  0  0  0  0  4 16 64  0  0  0  0  0]: 0.5021299719810486
[ 0  0  0  0  0 64  0  0  0  0  0  0  0 65 32  0]: 0.5035099983215332
[  0   0   0   0   1   0   0 128   0   0   0   0   0 144   0   0]: 0.5023400187492371
[ 0  0  0  0  0  0  2  0  2 32  8  0  0  0  0  0]: 0.5017250180244446
[ 0  8  2  0  0  0  0  0  0  0  0 32  0  0 32  0]: 0.5030649900436401
[80  0  0  0  0 64  0  0  0  8  0  0  0  0  0  0]: 0.5088250041007996
[ 0  0  0  0  0  0  0 64  0  0  0  4  0  0  8 32]: 0.5066199898719788
[ 0  0 32  0  0 64  0  0  4  1  0  0  0  0  0  0]: 0.5037800073623657
[  0   0   0   0   0   0  32 128   0   0   0   0  32   0 128   0]: 0.5018200278282166
[  0   0   0 192   0   0   0   0   0   0   0   0   2   0   0   8]: 0.5038750171661377
[  0   2   0   0   0   1   0   0 128   0   0   0   0   0   4   0]: 0.504764974117279
[ 0  0  0  4  0  0  0  0 32  0  0  1  0  0 64  0]: 0.503059983253479
[ 0  2  0  0 36  0  0  0  0  0 64  0  0  0  0  0]: 0.5024700164794922
[  0   0   0   0   0   0   0 130   0   0   1   2   0   0   0   0]: 0.5251849889755249
[ 0 64  0  0  2  0  0  0  4  0  0  0  2  0  0  0]: 0.5465350151062012
[  0   0   0   0   8   0   0 136   0   0   0   0   0   2   0   0]: 0.5024600028991699
[0 0 0 0 1 0 0 0 0 4 8 0 0 8 0 0]: 0.5022550225257874
[ 0  0  0  0  2  2  0  0  0  0  0  0 32  0  0  1]: 0.5039799809455872
[0 0 0 8 0 4 0 0 0 2 0 0 0 8 0 0]: 0.5095250010490417
[  0   0   0   0   0   0   0  10   0   0 132   0   0   0   0   0]: 0.5036600232124329
[ 0  0  0  0  0  0  0  0  0  0  4  0  0  0 10  1]: 0.5095999836921692
[ 16   0   2   2   0   0   0   0   0   0   0   0 128   0   0   0]: 0.5037000179290771
[ 0 16  0  0  0  2 16  0  0  0  0  0  0  4  0  0]: 0.5037649869918823
[128   0   0   8   0   0   0   0   8   0   0   0   0   0   0  16]: 0.5019999742507935
[ 0  0  0  0  2  0  0 35  0  0  0  0  0  0  0  0]: 0.504734992980957
[  0   0   0   0   0 128   0   0   0   0   0   0   0   0   2  10]: 0.5022150278091431
[ 0  0  2  0  0 64  0  0  0  0  0 12  0  0  0  0]: 0.5019699931144714
[  0   0   0 128   0   0   6   0   0   0   0   0   0   2   0   0]: 0.5052449703216553
[ 0  0  0  0  4  0  0  0  0  8  0  0 33  0  0  0]: 0.5049750208854675
[16  0  0  0  0  0  0  0  0  0  0 64  1  0  0 16]: 0.5023450255393982
[ 0  0  0  0 32  2 32  0  0  0  0  0  0  0  0  1]: 0.5028949975967407
[  0   1   0   0   0   0   0   0  64   0   0   0 130   0   0   0]: 0.5049149990081787
[  0   0   0   1   0 144   0   0   0   0   0  64   0   0   0   0]: 0.5033349990844727
[ 1  0  0  0  0  0  0  0  0  0 32  0  0  3  0  0]: 0.5042600035667419
[  0   0   0   0   0  16   1   0   0   0   0   0 128   0   0   1]: 0.502465009689331
[16 32 64 64  0  0  0  0  0  0  0  0  0  0  0  0]: 0.5026649832725525
[ 0  0  0  0  0  0  0  0  0  0  4  0  0  8  0 72]: 0.5023300051689148
[ 0  0  0  0  0  0  0  0  0  0  0  4  1 10  0  0]: 0.5026699900627136
[  0   0   1   0 129   0   0   0 128   0   0   0   0   0   0   0]: 0.5101150274276733
[ 0  0  2  0  0  2  0  0  0  0  0  0 16  2  0  0]: 0.506600022315979
[ 4  0  0  0  0  0  0  4  0  0  0  2 64  0  0  0]: 0.5041599869728088
[ 0  0  0  0  0  0  0  4  0  0  0  0  2  0 16 64]: 0.5031800270080566
[ 0  0  0 25  0  0  0  0  0  0  0  0  8  0  0  0]: 0.5033349990844727
[  0   0   6   0   0 128   0   0   0   0   0   0   0   0   0   8]: 0.5009350180625916
[ 0  0  8  0  0  0 16 32  0  0  0  0  0  1  0  0]: 0.5010600090026855
[ 0  0  0  0  0 64  0 64  0  0  0  0 64  0  4  0]: 0.5020999908447266
[  2   0   0   0   0   0   0   0 128   0   0   4   0   0   0   8]: 0.5054799914360046
[  0   0   0   0   2   0   0   0   0  16 128   0 128   0   0   0]: 0.5046600103378296
[  0   0   0   0 128   0   0   0   4   0   0   0   8   0   0   8]: 0.5033199787139893
[ 2  0 64  2  0  0  0  0  0  0  0  0  0  0  2  0]: 0.503059983253479
[  0   0   0   0   0 128   0   0   0   0   1   0 192   0   0   0]: 0.5018799901008606
[  0   0   0   0   4 128 128  16   0   0   0   0   0   0   0   0]: 0.5027899742126465
[ 0  0  0  0  4  0 32  0  0  0  0 64  8  0  0  0]: 0.503600001335144
[ 0  0  0  0  0  0  0  0 32 80  0  0 64  0  0  0]: 0.5084850192070007
[ 0  0  0  0 64  0 16  0  0  0  0  0 10  0  0  0]: 0.5017399787902832
[  0   0 128   0   0   0   0   0   8   0   0   8   0   0   0   8]: 0.5131199955940247
[  0   0   0  64   0   0   0   0   0   0   2   0   0   0 128   8]: 0.5026649832725525
[16  0  0  0  0  0  0 32  0  0  0  8  0  0 32  0]: 0.501384973526001
[  0   0   0 128   0   0   0  32  16   4   0   0   0   0   0   0]: 0.5032349824905396
[0 0 4 0 0 0 0 0 0 2 0 0 0 2 8 0]: 0.5504400134086609
[  0 128   0   0   0   0   0   0   4   0   0   0   0   1   0  16]: 0.5022199749946594
[0 0 0 0 0 1 0 9 0 0 0 0 2 0 0 0]: 0.5027350187301636
[104   0   0   0   0   0   0   0   0   4   0   0   0   0   0   0]: 0.5104849934577942
[  0   0   0   0   0   0  16 128   0  16   0   0  64   0   0   0]: 0.5009199976921082
[  0   4 128   0   0   0   0   2   0   0   0   0   8   0   0   0]: 0.5012199878692627
[  0   0   0 128   0   0   0   1   0   0   0   0  32   0   8   0]: 0.5015850067138672
[ 0  0  0  0 64 32  0  0  0  0  4  0  2  0  0  0]: 0.5021600127220154
[  0   0  64   0   0   0  16   0 128   0   0   2   0   0   0   0]: 0.5029150247573853
[128   4   0   0   0   0   0   0   0   0   0   0   0   2   2   0]: 0.5029249787330627
[  0  32   4   4   0   0   0   0   0   0   0   0   0 128   0   0]: 0.5038650035858154
[ 0  0  0  0  4  0  2 16  0  0  0  0  0 64  0  0]: 0.5025299787521362
[9 0 0 0 4 4 0 0 0 0 0 0 0 0 0 0]: 0.520924985408783
[  0   0   0   0 128   0   0  24   0   0   0   2   0   0   0   0]: 0.5037350058555603
[  0 136  32   0   0   0   0   0   0   0   0   0   8   0   0   0]: 0.502560019493103
[128   0   0   0   0   0   0   0   0   0   0  64   1   0  32   0]: 0.5020700097084045
[ 0 10  0  0  0  0  0  0  0  0  0  0  2  0  0  4]: 0.5020650029182434
[ 0 36  0  0  0  0  8  8  0  0  0  0  0  0  0  0]: 0.5033800005912781
[ 0  0 32  0  0  4  0  8  4  0  0  0  0  0  0  0]: 0.5032050013542175
[  0   0   0   0   0   4   0   2   0   0   0   0  32 128   0   0]: 0.5035449862480164
[0.45, 0.5)      1
[0.5, 0.55)    126
[0.55, 0.6)      1
[0.6, 0.65)      0
[0.65, 0.7)      0
[0.7, 0.75)      0
[0.75, 0.8)      0
Name: count, dtype: int64