[ 0  2  0  0  0  0  0  0  0  2  0  0 12  0  0 16]: 0.5027599930763245
[  0   0   0   0   0 128   4   0   0  16   2   1   0   0   0   0]: 0.502465009689331
[ 0  0  0  0  0  0 64  0  0  0  0  6  8  0  0 32]: 0.5020300149917603
[  4   0   0   0   8   0   8   0 128   0   8   0   0   0   0   0]: 0.5044500231742859
[ 2  0  0  0  0  0 64  0  0  0  8  0 32  8  0  0]: 0.5022450089454651
[ 64   0   0   0   0   0   0 130   0   0   0  96   0   0   0   0]: 0.5037850141525269
[  1   0   0   0   0   0 128  32   0   0   0   0  34   0   0   0]: 0.5038449764251709
[  1   0   0   2   0   0   0   0   0  16   0   0  32 128   0   0]: 0.5023549795150757
[  0   0  32   0  64   2 128  64   0   0   0   0   0   0   0   0]: 0.502685010433197
[ 64   0   0   0   0   8   0   0   0   0   2   8   0   0   0 128]: 0.5028949975967407
[ 0  0  0  0  0 16 16  0 64  0  0  0 64  0 64  0]: 0.5042049884796143
[  0 128   0   0  36   0   1   0   0   0   0   8   0   0   0   0]: 0.5015000104904175
[ 0  0  2  0  0  0  0  8 32  2  0  0  0  0  0  2]: 0.5032849907875061
[  0   0 128   0   0   0  16   0   0   0   0   2   0   2   4   0]: 0.5029500126838684
[  0  32  32   0   0   0   0   0  24   0   0   0   0   0   0 128]: 0.5018399953842163
[ 0  0  0  0  0  0  0  0 80  0 64  0  0  9  0  0]: 0.5041700005531311
[ 0  0  0  0  0  0  0  8 24  0  0  0 16  0  4  0]: 0.5025950074195862
[  0   0   0   0 128   0 128   8   0   0   0   4   0   0   0  16]: 0.5027400255203247
[0 0 0 2 0 0 0 3 0 0 0 0 0 0 1 1]: 0.5187000036239624
[1 0 8 3 8 0 0 0 0 0 0 0 0 0 0 0]: 0.5029550194740295
[ 1  1  0  1  0 64  0  0  0  0  0 64  0  0  0  0]: 0.5029000043869019
[  4 128   0   0   0 128   4   0   0   0   0   0  16   0   0   0]: 0.5015299916267395
[  8   0   0   0   0  96   0   0   0   0   0   0 128   0   0   2]: 0.5026000142097473
[  0   8   0   0   0 128   0   0   0   8  64   0   0   0   4   0]: 0.5026000142097473
[ 2 16 64  0  0  0  0  0  0  1  0  0  0  0  4  0]: 0.5033550262451172
[  0   0  16   0   0   0   0   4   0   0   0   1   2   0 128   0]: 0.5013599991798401
[ 10   0   1   0   0 128   0   0   0   0   0   1   0   0   0   0]: 0.5009949803352356
[  0   0   0   0  64   0   0  16  32   0 128   0   0   0   0 128]: 0.5039349794387817
[  0   8   0   1   0   0   0  72   0 128   0   0   0   0   0   0]: 0.5034599900245667
[  0   0   0   0   0  16  32 128   0   0   0   0   0   0  10   0]: 0.5005750060081482
[ 0  8 32  0  0  0  0  0  0  0  0 36  0  0  0 16]: 0.5024300217628479
[32 16  0  0  0 16  1  0 16  0  0  0  0  0  0  0]: 0.5035549998283386
[128   1  32   0   0   0   0   0   0  32   0   0   0   0 128   0]: 0.5013099908828735
[  0 128   0  32   0   0   0   0   0  64   8   0   0   8   0   0]: 0.5012400150299072
[  0   0   0   0   0   0   0   8   0  34   0 128   0   2   0   0]: 0.5022050142288208
[ 0  0  0  0  0  0 16  0  0  8  0  0  0 20  8  0]: 0.5022550225257874
[ 0  0  0  8  0  0 64  0  0  8  0 16  0  0  1  0]: 0.5030800104141235
[ 0  0  2  0  0  0  0  0  0  0 10 10  0  0  0  0]: 0.5085350275039673
[ 0  0 32  0  0  0 64  0  4  0  0  0  0  0 64  4]: 0.5016649961471558
[ 0  0  0  0  0  0  0  8  0  0  2 66  0  0  0 16]: 0.5044950246810913
[  8   0 128   4   0   0   0   0  32  16   0   0   0   0   0   0]: 0.5025050044059753
[ 1  0  0  0  4  0  0  0  0  0 16  8  0  0  0 64]: 0.5012249946594238
[ 0  0  0 16  0  0 64  0  0  0  0  1  0  0  8 32]: 0.5040749907493591
[ 0 64  0  8  0  0 16  4  0  2  0  0  0  0  0  0]: 0.5032749772071838
[4 0 0 2 0 0 4 0 0 0 0 0 0 4 0 2]: 0.5014650225639343
[ 32  64   0   0  16   8   0   0   0   0   0   0   0   0   0 128]: 0.5031449794769287
[  0   0   0   2   2   0   0   0   0   0 128   0   0   0  16  64]: 0.5014449954032898
[ 0 16  8  0  0  0  0  0  0  0 64  2  0  1  0  0]: 0.50142502784729
[ 0  0 64  0  1  0  4  0  2  1  0  0  0  0  0  0]: 0.5024899840354919
[16 64  0  1  0  0  0  0  0  0  8  0  0  0  0  4]: 0.5027400255203247
[  0  32   0  16   0   0   0   4   0   0   0   0   0   1   0 128]: 0.5023549795150757
[  0   0   0   0   0   0   6   0   0   8   0 128   0  16   0   0]: 0.5029399991035461
[ 0  0  0  0 64 33  0  0 64  0  0 64  0  0  0  0]: 0.5052649974822998
[64  0  0  0  0  0  0  0  0  0  1 16  0  4  1  0]: 0.5028300285339355
[ 0  0  0  0  0  0 16  0  0  0 64  2 40  0  0  0]: 0.5023800134658813
[ 0  0  8  0 32  0  0 64  0  0  0  0  2  4  0  0]: 0.5015550255775452
[  0   0  16 128   0   0  32   0  32   0   0   8   0   0   0   0]: 0.5009599924087524
[ 0  9  0  0  0  0 16  0  2  8  0  0  0  0  0  0]: 0.5035449862480164
[ 0  2  0 64  0 64  0  0  0  0  0  0 64  0  4  0]: 0.5026050209999084
[ 32   0   0   0 128   0   0   0   0   0  16   0   0   8 128   0]: 0.5031599998474121
[ 32   0 128   0   0   0   0  32   0   0   0  72   0   0   0   0]: 0.5022249817848206
[  0   0  64   0   0  32   0   0   0   0   8   0   0 136   0   0]: 0.5021950006484985
[  0   0   0   0  66   8   0 128   0   0   0   8   0   0   0   0]: 0.5032299757003784
[40  0  0  0  0  0  0  0  0  6 64  0  0  0  0  0]: 0.5021200180053711
[ 2  0  0 10  0  0 64  0  0  0  0  0  0  1  0  0]: 0.5035750269889832
[ 0  0  0  0  0  8  0  1  0  0  0  0  1  1  0 64]: 0.5025050044059753
[  0   0   0   0  16  64   8   0   0 130   0   0   0   0   0   0]: 0.5034899711608887
[ 32   0   0   0   0 128   0 128   0   0   0   0   0   0   0 136]: 0.502685010433197
[  0   0   0   0   0 128 128   0  32   0   0  36   0   0   0   0]: 0.5035099983215332
[ 0  1  0  0 16  0  0  0  0  0  0 16  0  0  5  0]: 0.5035899877548218
[  0   0   0 128   4   0   0   0   8  64   0   0   0   0   0 128]: 0.5038599967956543
[  0   0 128   0   0  16   0   0   0   1   0   0   2  16   0   0]: 0.5022150278091431
[ 0  2  0  0  0 32  8  0  0  0 64  0  0  0  1  0]: 0.5026450157165527
[  0   0   0   0   0 192   0   0   2   0   0  34   0   0   0   0]: 0.5032150149345398
[ 4  1  0 36  0  0  0  0  0  0  0  0  0  0  2  0]: 0.5023099780082703
[ 20   0   0   0   0   1   0 128   4   0   0   0   0   0   0   0]: 0.5021899938583374
[ 0 32  0  0  4  0  1  0  4  0  0  0  0  0  1  0]: 0.5139350295066833
[16  4  0  0 20  0  0  0  0  0  0  8  0  0  0  0]: 0.5020599961280823
[  0   0   0   0   0   1   0   0   0   0   1   0  16   0 132   0]: 0.5023699998855591
[16  0  0  0  8  0  0 64  0  0  8  0  0  8  0  0]: 0.5014449954032898
[ 1  0  0  0 16  0  1  0  0  0  0  8  0  0  0  1]: 0.5012199878692627
[128   0   0   0   0   0  64   0   0   0  64  32   0   0   0  64]: 0.5043449997901917
[8 0 0 0 0 4 8 0 0 3 0 0 0 0 0 0]: 0.5043100118637085
[ 0  2  0 32  0  0  2  0  0  0  0  0  0  0 64 64]: 0.5025050044059753
[ 8  0  1 64  0 16  0  0  0  0  0  0  0  0  8  0]: 0.50239497423172
[  0   0   0 128   0   0   0  48   0   0   0 130   0   0   0   0]: 0.5292850136756897
[  0   0  32  32   0   0   4   0   0   0 128   0   0   0  16   0]: 0.5060549974441528
[ 2  0  0  4  0  0  0  0  0 32  0  0 18  0  0  0]: 0.5015100240707397
[  0   0 128   4   0  64   0   0   0   8   0   1   0   0   0   0]: 0.5029799938201904
[ 0  0  0 32  0  0  5  1  0  0  0  1  0  0  0  0]: 0.5109099745750427
[ 0 32  0  0 16  0  0 16  0  0  0 32  0  4  0  0]: 0.5020800232887268
[  0  64   0   0   2   0   0   0   0 128   0   0 128   0   2   0]: 0.5028250217437744
[ 2  0  0  0  0  0  0 76  0  0 64  0  0  0  0  0]: 0.5023699998855591
[  0   0   0   8  16   0   0   4   0   0   0   0   0 128   0  16]: 0.5023400187492371
[ 0 64 72  0 16  0  0  0  0 16  0  0  0  0  0  0]: 0.5012900233268738
[32  0  0  0  0  0  0  0 64  0  0 64  0 16  0 16]: 0.502964973449707
[ 4  0 16  0 32  0  2  0  0  0  0 32  0  0  0  0]: 0.5029399991035461
[  0   0   0 128   0   0   0  32   2  16   0   0   0   0   0   1]: 0.5010200142860413
[  0   0 128   0   0   1  64   0   0   0   0  64   0   0   4   0]: 0.5015699863433838
[ 0  0  1  2 16  0  0  0  0  0  0  0 64  0  8  0]: 0.5026350021362305
[  0   8   0  64   0   0   0   0  32 128   0   0   8   0   0   0]: 0.5023300051689148
[ 0  0  0 16  0  0  4  0  0  0  2 32  0  2  0  0]: 0.5037299990653992
[ 2  0  1 16  0  0  0  0  0 16  0  0  0  0  2  0]: 0.5022150278091431
[32  0  0  0  0 32  0  0 10  0  0  2  0  0  0  0]: 0.5024449825286865
[ 16   0  16   0   0   0   1   0   0   0  16   0   0   0 128   0]: 0.5034899711608887
[ 0  2  0  0  0  0  0  0  4  0  0  0 37  0  0  0]: 0.50559002161026
[ 0 32  0 64  0  0  8  0  8  0  0 64  0  0  0  0]: 0.5015249848365784
[ 0  8  0  4  1  0  0  0  0  4  0  0  0 16  0  0]: 0.5010949969291687
[  0   0   0   0   0   2  16   0   0   0   1   0 128   0  64   0]: 0.5007150173187256
[ 0  0  0  0 20  0  0  0  0 33  0  0 64  0  0  0]: 0.5020400285720825
[ 0  0 64  0  0  0 76  0  0  0  0  2  0  0  0  0]: 0.5073099732398987
[ 0  0 32  0  0 64  0  0  0  0  0  0  0  0  8 72]: 0.5014100074768066
[  0  64   0   0 128   0   0   0   0   0   0   0  32   0 128 128]: 0.5032950043678284
[162   0   0   0   0   0   0   0   0   0   0  64   0 128   0   0]: 0.5017799735069275
[ 0  0  0  0  1  0  0 64  0 32  0  0  0  8  1  0]: 0.501579999923706
[  0   0   0   0   0   0   0   0   0   0   0 128   0  64  17   2]: 0.5029450058937073
[  0  16   0   8   0   0   0   0   0 136   0   0   0   0   4   0]: 0.5017799735069275
[  0   0   0   8   8   0   0   0   0 132  32   0   0   0   0   0]: 0.5016700029373169
[  4   0   1   0   0   0   0   0   0   0   4   0 128   0  16   0]: 0.5020849704742432
[ 0  0  0  1  0  0  8  0 16  0  4  0  0  0 16  0]: 0.5024499893188477
[  0   0   0   8   0   0  32   0   0   0   0   0  32  16   0 128]: 0.5030649900436401
[ 0 16  0  0  1  0  0  0  0 64  0  4  0  1  0  0]: 0.5006600022315979
[  0   0   0   4   0  32 144   0   0   1   0   0   0   0   0   0]: 0.5022050142288208
[  0   2  16 128   0  32   0   0   2   0   0   0   0   0   0   0]: 0.5024200081825256
[  0   2   1   0   0 128   0   0   0   0   0   0   4   0   8   0]: 0.5004649758338928
[ 16   0   0   0   0   0   0   0  64   0   0   2  64 128   0   0]: 0.5040799975395203
[  0   0   0   0   0   0   0   0  16   0   1 160   0   8   0   0]: 0.5027850270271301
[  0   0   0   0   0  64  64 128   0   0   0   0 128   0   2   0]: 0.5027300119400024
[0.5, 0.51)     124
[0.51, 0.52)      3
[0.52, 0.53)      1
[0.53, 0.54)      0
[0.54, 0.55)      0
[0.55, 0.6)       0
[0.6, 0.65)       0
[0.65, 0.7)       0
[0.7, 0.75)       0
[0.75, 0.8)       0
Name: count, dtype: int64