[  0   0   0   0   2   0   0   0 128   0   0   0   0   0   0   0]: 0.5787550210952759
[0 0 0 0 0 0 0 0 0 0 1 0 2 0 0 0]: 0.5137349963188171
[ 0  0  0 32  0  0  0  0  1  0  0  0  0  0  0  0]: 0.542169988155365
[ 0  0  8  0  0  0  0  0  0  0  0  0  0  0  0 16]: 0.5729100108146667
[ 0  0  0  0  0  0  0  0  0  4  0  0  0 16  0  0]: 0.5432950258255005
[ 0  0  0  8  0  0  0  0  0  0  0  0 16  0  0  0]: 0.5309699773788452
[  0   0   0   0   0 128   0   0   0   0   0   0  64   0   0   0]: 0.5373349785804749
[0 0 6 0 0 0 0 0 0 0 0 0 0 0 0 0]: 0.6543949842453003
[  0   0   0   0   0   0 128   0   0   0   0   0   0   0   0 128]: 0.5351399779319763
[ 0  0  0  0  0  0  0  0  2  0  0  0 64  0  0  0]: 0.5455549955368042
[ 0  0  0  0 64  0  0  0  0  0  0  0 64  0  0  0]: 0.7849699854850769
[ 0  0  0  0  0 16  0  0  0  0  4  0  0  0  0  0]: 0.5378199815750122
[0 0 0 0 0 0 0 2 2 0 0 0 0 0 0 0]: 0.5490249991416931
[0 0 0 0 0 0 0 0 0 0 0 4 0 8 0 0]: 0.5114949941635132
[ 0  0  0  0  0  0  0  0  2  0  0 64  0  0  0  0]: 0.5334600210189819
[0 0 0 0 0 0 8 0 0 0 0 0 1 0 0 0]: 0.5173599720001221
[ 0  0  0 32  0  0  0  0  0  0  4  0  0  0  0  0]: 0.5796149969100952
[ 0  0  0  0 16  0  0  0  0  0  0  1  0  0  0  0]: 0.5327699780464172
[ 0  0  0  0 16  0  0  0  0  0  0  0  2  0  0  0]: 0.5535600185394287
[0 2 0 0 0 2 0 0 0 0 0 0 0 0 0 0]: 0.7135850191116333
[2 0 0 0 0 0 0 0 0 0 4 0 0 0 0 0]: 0.5385850071907043
[ 0  0  0 16  0  0  2  0  0  0  0  0  0  0  0  0]: 0.578819990158081
[ 0  0  0  0  0  0  0  0  0  0  0  0  0 64  8  0]: 0.5133699774742126
[  0 132   0   0   0   0   0   0   0   0   0   0   0   0   0   0]: 0.5762799978256226
[  0   0   0   0   0   0   0   1   0   0   0   0   0   0   0 128]: 0.551675021648407
[  0   0   0  32   0   0   0   0   0 128   0   0   0   0   0   0]: 0.5320850014686584
[ 0  0 16  8  0  0  0  0  0  0  0  0  0  0  0  0]: 0.588729977607727
[ 1 16  0  0  0  0  0  0  0  0  0  0  0  0  0  0]: 0.5934299826622009
[  0   0   0 128   0   0   0   0   0   0   4   0   0   0   0   0]: 0.5845649838447571
[ 0  0  0 16  0  0  0 64  0  0  0  0  0  0  0  0]: 0.6484749913215637
[ 0  0  0  0  0 32  0  0  0  0  0  0  0  2  0  0]: 0.537909984588623
[  0   0   0   0   0   0   0   8   0   0   0   0   0   0   0 128]: 0.539205014705658
[1 0 0 0 0 2 0 0 0 0 0 0 0 0 0 0]: 0.5676199793815613
[0 0 0 1 0 4 0 0 0 0 0 0 0 0 0 0]: 0.5267249941825867
[ 0  0  0  8  0  0  0  0  0  0  0  0  0  0  0 16]: 0.5511699914932251
[ 0  0  0  0  0  0  0  8  0  0  0  0  0  0 64  0]: 0.5574899911880493
[ 0  0  0  0  0  0  0  0  0 36  0  0  0  0  0  0]: 0.5547099709510803
[ 0  0  0  0  0  0  0 32  0  0  0  0  0  0  0  2]: 0.536620020866394
[ 16   0   0   0   0   0 128   0   0   0   0   0   0   0   0   0]: 0.547124981880188
[ 0  1  0  0 16  0  0  0  0  0  0  0  0  0  0  0]: 0.5861949920654297
[ 0  0  0 16  0  0  1  0  0  0  0  0  0  0  0  0]: 0.5795699954032898
[ 0  0  0  0  0  0 64  0  0  0  0  0  4  0  0  0]: 0.5262399911880493
[128   0   0   0   1   0   0   0   0   0   0   0   0   0   0   0]: 0.5764350295066833
[0 0 0 0 0 4 0 0 1 0 0 0 0 0 0 0]: 0.5561000108718872
[  0   0 144   0   0   0   0   0   0   0   0   0   0   0   0   0]: 0.6605600118637085
[0 0 0 0 1 0 0 0 0 0 0 4 0 0 0 0]: 0.5432350039482117
[0 0 0 0 0 0 0 0 4 0 8 0 0 0 0 0]: 0.5220299959182739
[0 0 0 0 0 0 4 2 0 0 0 0 0 0 0 0]: 0.562125027179718
[ 0  0  0  0  0  0  0  0  0  0 32  0  0 32  0  0]: 0.5327249765396118
[ 0  0  0  0  0 16  0  0 64  0  0  0  0  0  0  0]: 0.5638650059700012
[  0   0  16   0   0   0   0   0   0 128   0   0   0   0   0   0]: 0.5568299889564514
[  0 128   0   0   0   0   0   0   0   0   0   4   0   0   0   0]: 0.5490149855613708
[ 0  0  0  0  0  0  0  0  0  0  0  0  0  8 32  0]: 0.5115100145339966
[ 0  0 64  0  0  0  0  0  0  0  0  2  0  0  0  0]: 0.580560028553009
[0 4 0 0 0 0 0 0 0 2 0 0 0 0 0 0]: 0.6616050004959106
[ 0  0 32  0  0  0  0  0  0  0  0 16  0  0  0  0]: 0.5570899844169617
[0 4 0 0 0 0 0 4 0 0 0 0 0 0 0 0]: 0.5375000238418579
[  0   0   0   0   0   0   0   0   0   0 128   0   0  16   0   0]: 0.5319899916648865
[ 0  0  0  0  0  0  0  0  0  0 16  0 64  0  0  0]: 0.513159990310669
[ 0  0  0  0  1  0  0  0  0  0  0  0 16  0  0  0]: 0.5374100208282471
[ 0  0  0  0  0  0  0  0  8  0  0  0  0  0  0 16]: 0.5218949913978577
[0 0 0 0 0 2 0 0 0 0 0 0 2 0 0 0]: 0.5350900292396545
[0 1 0 0 2 0 0 0 0 0 0 0 0 0 0 0]: 0.5694350004196167
[ 0  0  0  1  0  0  0  0  0  0  0  0  0  0 32  0]: 0.5692449808120728
[0 0 0 0 0 2 0 0 0 0 0 8 0 0 0 0]: 0.5261750221252441
[  0   0   0   0   0   0   0   0   0   0   0   0   0 128  32   0]: 0.516730010509491
[ 0  2  0  0  0  0  0  0  0 64  0  0  0  0  0  0]: 0.5712900161743164
[  0   0 128   0   0   0   0   0   0   0   0   0  32   0   0   0]: 0.5168099999427795
[ 0  0  0  0  0 32  0  0  0  0  0  0  0 64  0  0]: 0.6447200179100037
[ 0  0  0  0  8  0  0  0  0  0  0  0  0 32  0  0]: 0.5655949711799622
[ 0  0  0 32  0  0  0  0  0  0  0  8  0  0  0  0]: 0.5757499933242798
[  0   0   0   0   0   0  64   0   0   0   0   0   0 128   0   0]: 0.530210018157959
[0 4 0 0 0 0 2 0 0 0 0 0 0 0 0 0]: 0.56243497133255
[ 0 16  0  0  8  0  0  0  0  0  0  0  0  0  0  0]: 0.5938050150871277
[ 0  0  0  0  0  0  0  0  0 64  0  0  0  4  0  0]: 0.5448700189590454
[ 0  0  0  0  0  0  0  0  0  0  0  8  0  0 64  0]: 0.5455099940299988
[0 0 0 0 0 0 0 0 0 0 0 8 0 0 0 4]: 0.629135012626648
[  0   0   0   0   0   0   0   0   0   0   4 128   0   0   0   0]: 0.5650950074195862
[  0   0   0   0   0   0   0   0   0   0 128   0   8   0   0   0]: 0.5222100019454956
[0 0 0 0 4 0 0 0 0 0 4 0 0 0 0 0]: 0.5272200107574463
[32  0  0  0  0  0  2  0  0  0  0  0  0  0  0  0]: 0.5515949726104736
[0 0 0 0 0 1 0 0 0 4 0 0 0 0 0 0]: 0.6395400166511536
[0 0 0 0 1 0 0 0 0 0 2 0 0 0 0 0]: 0.5224850177764893
[ 0  0  0  0  0  0  0  0  2 64  0  0  0  0  0  0]: 0.5623800158500671
[ 0  0  0  2  0  0  0  0  0  0  0  0 32  0  0  0]: 0.5251349806785583
[ 0  0 16  0  0  0  0  0  0  0  0 64  0  0  0  0]: 0.5647500157356262
[0 0 0 0 0 0 0 0 0 0 2 8 0 0 0 0]: 0.5557500123977661
[  0   0   0   0   0   0   0   0   0   0   0   0   4   0 128   0]: 0.5161349773406982
[ 0  0  0  0  0  0 16  1  0  0  0  0  0  0  0  0]: 0.5811750292778015
[ 0  0  0 16  0  0 64  0  0  0  0  0  0  0  0  0]: 0.5671749711036682
[ 4  0 32  0  0  0  0  0  0  0  0  0  0  0  0  0]: 0.554610013961792
[  0   0   0   0   0   0 128   0   0   0   0  32   0   0   0   0]: 0.5612099766731262
[ 0  0  0  0  0  0 16  0  0  2  0  0  0  0  0  0]: 0.5409200191497803
[0 0 0 0 0 0 0 0 0 0 0 2 1 0 0 0]: 0.52538001537323
[  0   0   0   0   0   0   0   0   8   0   0   0   0   0 128   0]: 0.5185049772262573
[ 0  0  0  0  0  8  0  0 16  0  0  0  0  0  0  0]: 0.5763499736785889
[ 0  0  0  0  0  0 16  0  0  0  0  0  0  0 16  0]: 0.7807400226593018
[  0   0   0   0   0   0   0   0 128   0   0   0   0   0   1   0]: 0.5244050025939941
[ 0  0  0  0  0 16  0  0  0  0  0  0  0 32  0  0]: 0.6417400240898132
[0 0 2 0 0 0 0 0 0 8 0 0 0 0 0 0]: 0.5485799908638
[ 0  0  0  0  0  0  0  0  0  0  0  0 16  0  2  0]: 0.5137349963188171
[ 0 64  8  0  0  0  0  0  0  0  0  0  0  0  0  0]: 0.5543699860572815
[ 0  0  0  0  0  0  0  0  0  0  0  0 20  0  0  0]: 0.523705005645752
[4 0 0 0 4 0 0 0 0 0 0 0 0 0 0 0]: 0.7116550207138062
[ 0  0  0  0  0  0  2 64  0  0  0  0  0  0  0  0]: 0.5864800214767456
[ 0  0  0  0  0  0 16  0  0  0  0  0  8  0  0  0]: 0.5234699845314026
[ 0  0  0  0  0  0 72  0  0  0  0  0  0  0  0  0]: 0.5810949802398682
[  0   0   0   4   0   0   0   0   0 128   0   0   0   0   0   0]: 0.545490026473999
[ 0  0  1  0  0  0  0  0 64  0  0  0  0  0  0  0]: 0.5471400022506714
[ 0  0  0  0  0 64  0  0  0  0  4  0  0  0  0  0]: 0.5321999788284302
[  0   0   0   0   0   0   0   0  32   0   0   0   0   0 128   0]: 0.5132799744606018
[  0   0 128   0   0   0   0   0   0   0   0   0   0 128   0   0]: 0.5347149968147278
[  0   0   0 128   0   0   0   0   0   0   0   0  16   0   0   0]: 0.540090024471283
[ 0  0  0  0 32  0  0  0  2  0  0  0  0  0  0  0]: 0.5642849802970886
[0 0 0 4 0 0 1 0 0 0 0 0 0 0 0 0]: 0.5634649991989136
[ 0  0  0 16  0  0  0  0 16  0  0  0  0  0  0  0]: 0.5466700196266174
[ 16   0   0   0   0 128   0   0   0   0   0   0   0   0   0   0]: 0.5749099850654602
[0 0 1 0 0 0 0 0 0 0 8 0 0 0 0 0]: 0.6639099717140198
[ 0 64  0  0  0  0  0  0  0  0  2  0  0  0  0  0]: 0.538070023059845
[ 0  0 32 16  0  0  0  0  0  0  0  0  0  0  0  0]: 0.5697050094604492
[0 8 0 0 0 0 0 4 0 0 0 0 0 0 0 0]: 0.5340849757194519
[0 0 0 0 1 0 4 0 0 0 0 0 0 0 0 0]: 0.5207350254058838
[128   0   0  32   0   0   0   0   0   0   0   0   0   0   0   0]: 0.5631449818611145
[ 0  0  0  0  0  0  0  0  0  0  0  4  0 32  0  0]: 0.5204749703407288
[ 0  0  0  0  0  0  0  4  0  0  0  0  0 64  0  0]: 0.5233950018882751
[  0   0   0   2   0   0   0   0   0   0   0   0 128   0   0   0]: 0.5309799909591675
[0 0 0 0 0 0 1 0 4 0 0 0 0 0 0 0]: 0.5204049944877625
[ 0  0  0  0  0  0  1  0 16  0  0  0  0  0  0  0]: 0.5406550168991089
[0.5, 0.55)    67
[0.55, 0.6)    48
[0.6, 0.65)     5
[0.65, 0.7)     4
[0.7, 0.75)     2
[0.75, 0.8)     2
Name: count, dtype: int64