[  4   0   0   0   0   0   0   1   0   0   0   0   0 128   0   0]: 0.5048699975013733
[ 0  0  0  0  0  0  0  0  0  0  0  0  0 16  0 72]: 0.5019400119781494
[  0   0   0   0   0   0   0   4 192   0   0   0   0   0   0   0]: 0.5093050003051758
[ 0  0  0  0  0  0  0  0  0  2  0 64  0  8  0  0]: 0.5134350061416626
[ 0 32  0  4  0  0  0  0  0  0  0  0  4  0  0  0]: 0.5055350065231323
[4 0 0 0 0 0 8 2 0 0 0 0 0 0 0 0]: 0.5061550140380859
[ 0  0 64  0  0  0  0  0  0  4  8  0  0  0  0  0]: 0.5065249800682068
[ 0  0  0  0  0  2  0  0  0  0  0  0  0 32  0 16]: 0.5022050142288208
[0 0 0 0 0 1 0 8 0 2 0 0 0 0 0 0]: 0.5109549760818481
[  0   0   0   0   0   0   0   2 128   0   0   0   0  16   0   0]: 0.5046349763870239
[ 2  0  0  0 16  0  0 16  0  0  0  0  0  0  0  0]: 0.5101900100708008
[ 0  0  0  0  4  0  0  0  0  0  0  0  0 32 32  0]: 0.5033900141716003
[ 0  0  0  0  0  0  0 32 64  0 32  0  0  0  0  0]: 0.5067300200462341
[ 0  0  0 64  0  8  0  0  0  0  0  0  0  0  4  0]: 0.5049300193786621
[ 0 32  0  0  0  0  0  0  0  0 32  4  0  0  0  0]: 0.5060799717903137
[ 0  2 64  0  2  0  0  0  0  0  0  0  0  0  0  0]: 0.5053349733352661
[ 0  0 64  0  2  0  0  0  2  0  0  0  0  0  0  0]: 0.5823500156402588
[ 2  0  0  0  0  1  0 64  0  0  0  0  0  0  0  0]: 0.5069050192832947
[ 0  0  0  2  0  0  0  0  2 64  0  0  0  0  0  0]: 0.5063549876213074
[  0   0  64   0   0   0   0 128   0   0   0   0   0   0   0   4]: 0.5093250274658203
[0 0 0 0 0 0 0 2 0 0 0 0 1 0 8 0]: 0.5034899711608887
[ 1  0  0  0  0  0  0  0  0  0  0  4  0 32  0  0]: 0.5052549839019775
[ 0  4  0  0 16  0  0  0  0  0 32  0  0  0  0  0]: 0.5052949786186218
[ 0  0  0  0 16  0  0  0  0  0  0  0  0  0  1 16]: 0.503279983997345
[0 0 0 0 1 0 4 0 0 0 0 0 0 0 2 0]: 0.5078849792480469
[  0   0   0   0   0   0   0  64   0   0  16   0   0   0   0 128]: 0.5221650004386902
[ 0 64  0  0  0  0  0  0  0  2  0  0  0 32  0  0]: 0.5308499932289124
[ 0  0  0  0  2  0  0  0  0  4  0  0  0 64  0  0]: 0.5112599730491638
[0 0 0 0 0 0 0 0 0 1 0 4 0 1 0 0]: 0.5821400284767151
[ 8  0  0 16  0  0  0  0  0  0  0  0  0  0  0  1]: 0.5049899816513062
[16  0  0  0  0  0  0  0  2  0  0  0  0  0  4  0]: 0.5053799748420715
[ 0  0 10  0  1  0  0  0  0  0  0  0  0  0  0  0]: 0.5074899792671204
[  0   0   0   0   0   0   0   2   0   0   0   0   0 128   1   0]: 0.5028449892997742
[ 0  0  0  0  0  0  0  0  0  9  0  0  0  0  0 32]: 0.5092700123786926
[  0   0   0   0   1   0   0   0   0 128   0   0   0   0 128   0]: 0.5037999749183655
[ 0  0  0  0  0  0  0  0 32  0 65  0  0  0  0  0]: 0.5041700005531311
[  0   0   0   0   0 128   0   0   0   0   0   0  64   0   0  32]: 0.5031300187110901
[0 8 0 0 0 0 0 0 0 0 4 0 0 0 0 8]: 0.5026199817657471
[ 0  0  0  0  0  0  0  0 16  0 64  1  0  0  0  0]: 0.5051149725914001
[  0   0   0   0   0   0   0   0   4   0   0   0   4   0   0 128]: 0.567674994468689
[ 0  0  0  0  0  0 32  0  0  0  0  0 64  0  0 32]: 0.5044950246810913
[  0   0   0 128   0   0   0   0   0   0   0   0   1   0  32   0]: 0.5031700134277344
[32  0  0  0  0  1  0  0  0  0  0  0  0  0 16  0]: 0.5035650134086609
[  0   8   0   0   0   0   0   0   0 128   0   1   0   0   0   0]: 0.5049049854278564
[0 0 2 0 0 0 0 0 0 0 0 0 1 0 0 2]: 0.5027750134468079
[  0   1   0   0   0   0   0   0   0   0   0   0   0   4   0 128]: 0.5097650289535522
[  0   0   0   0   4 128   0   0  64   0   0   0   0   0   0   0]: 0.5131750106811523
[0 2 0 8 0 2 0 0 0 0 0 0 0 0 0 0]: 0.5364850163459778
[ 0  0  0  0  0  0  0 65  0  0  0  8  0  0  0  0]: 0.5436000227928162
[  0 128   0   0   0 128   0   4   0   0   0   0   0   0   0   0]: 0.5405600070953369
[  0   0   0   0   8   0   0   0   0   0 128   0   0   1   0   0]: 0.501954972743988
[ 0  0  0  0 16  0  0  0  8  0  0 16  0  0  0  0]: 0.5058249831199646
[ 0  0 68 32  0  0  0  0  0  0  0  0  0  0  0  0]: 0.516789972782135
[ 0  0  0  0  0  0  0  1  0 32  8  0  0  0  0  0]: 0.5065699815750122
[32  0  0  0  0 32  0  0  0  0  0  0  2  0  0  0]: 0.5081750154495239
[ 0  0  0  0 32  0  4  1  0  0  0  0  0  0  0  0]: 0.5065500140190125
[0 0 2 0 0 0 2 0 0 0 0 0 2 0 0 0]: 0.514710009098053
[ 1  0  0  0  0  0  0  0  0 64  0 64  0  0  0  0]: 0.5056849718093872
[64  0  1  0  0  0  0  0  0  0  0  0  0  0  0 32]: 0.5062249898910522
[0 0 0 0 0 0 0 0 8 2 0 0 0 8 0 0]: 0.5138049721717834
[ 0  0  0  0  0  0  0 16  0  0  0 16  0  0  8  0]: 0.5795350074768066
[ 0  0  0  0  0  1  0  0  0  0  0 32 16  0  0  0]: 0.5045400261878967
[  0   0   0   0   0   0 128   0   0   0  16   0   0   0   0   8]: 0.5235549807548523
[ 0  0  0  0  0  0  0 32  0 32  0  0  0  0  0  8]: 0.505079984664917
[32  0  0 16  0  0  0  0  0  0  0  1  0  0  0  0]: 0.5067899823188782
[ 0  0  0  0  0  0 64  0  1  8  0  0  0  0  0  0]: 0.5040550231933594
[128   0   0   0   0   0  64   0   0 128   0   0   0   0   0   0]: 0.5068449974060059
[1 0 0 0 0 0 0 0 0 0 0 0 2 0 4 0]: 0.5064849853515625
[  0   0   0   0 128   0   0   0   0   0   1   0   0   0   8   0]: 0.5203949809074402
[128   0   0   0   0   0   2   0   0   0   0   0   0   0  64   0]: 0.5045300126075745
[ 0  0  0  0  1  0  0 16  0  0 64  0  0  0  0  0]: 0.5044549703598022
[ 0  0  0 16  0  0  0  0  0  0  0  2  4  0  0  0]: 0.5040550231933594
[ 0  0  0  4  0  0  0  0  0  0  0 64  0  0  0  8]: 0.5430099964141846
[ 0  0  0 32  0  0  8  0  8  0  0  0  0  0  0  0]: 0.5076500177383423
[ 1 64  0  0  0  0  0  0  1  0  0  0  0  0  0  0]: 0.5801550149917603
[ 0  0  0  0  0  0  1  0  0  0  0 17  0  0  0  0]: 0.5171849727630615
[ 0  1  0  0  0  0  0  0  1  0  0 16  0  0  0  0]: 0.5039250254631042
[ 0  0  0  0  0  0  0  0  0  0  0  8  0  0 48  0]: 0.5285400152206421
[ 0  0 16  0  0  1  0  0  0  0  0  0  4  0  0  0]: 0.5052199959754944
[0 0 0 0 0 0 0 0 0 0 0 0 5 8 0 0]: 0.5065900087356567
[ 0 24  0  0  0  0  0  0  0  0  0 64  0  0  0  0]: 0.504705011844635
[16  0  0  0  0  0  0  0  0  0  0 33  0  0  0  0]: 0.5042600035667419
[  0   0   0   0   0   1   0 128   0   0   0  32   0   0   0   0]: 0.5167949795722961
[ 0  0  0  2  0 64  0  0  0  0  0  0 16  0  0  0]: 0.5034400224685669
[ 2  0  0  0  0  0  0  0  0  8  0  0  0  0 16  0]: 0.5028949975967407
[ 0  1  0  4  0  0 32  0  0  0  0  0  0  0  0  0]: 0.5066800117492676
[  0   4   0   0   1   0   0   0   0   0   0 128   0   0   0   0]: 0.5052000284194946
[  0   0   0   0   0   0 128   0   0   0  16   0   0  64   0   0]: 0.5151100158691406
[ 0  0  1  0 32  0  0  0  0  0  0  0  4  0  0  0]: 0.5042650103569031
[ 0  0  0  8  0  0 16  0  0  0  1  0  0  0  0  0]: 0.5194200277328491
[  0   0   0   0   0   2   0   0   0 128   0   0   0   0   0 128]: 0.5044450163841248
[  0   0   0   0   0   2   0   0   0   0   0   0   0   0   1 128]: 0.5054849982261658
[ 0  0  0  0  0  0  2  0  0  0  0  0  0 64  0  8]: 0.5038449764251709
[  0   0 128   0   0   0   0   0  16   0   0   0   0   8   0   0]: 0.5038700103759766
[  0   0   0   0   0   0   0   0   0 129   0   0   0   0   0  16]: 0.5031800270080566
[ 0  0  0  0  0  0  0  0 64  1  0  0  0  0  0 16]: 0.5059700012207031
[ 0  0  0  0  0  0  0  0  0 32  0 64 16  0  0  0]: 0.5036100149154663
[ 0  0  0  0  0  0  0 16  0 64  0  0  0  0  1  0]: 0.5044100284576416
[ 1  0  0  0  0  0  0  0  0  0 32  0  0  0  0 32]: 0.5033699870109558
[  0   0   0   0   0   0   0 160   4   0   0   0   0   0   0   0]: 0.5139399766921997
[  0   0   0   0 128  64   0   0   4   0   0   0   0   0   0   0]: 0.5133600234985352
[0 0 0 0 0 0 0 2 0 0 0 0 0 2 0 2]: 0.5296549797058105
[ 0  0  0  0 32  0  0  0  0  0  0  0  1  0  0  4]: 0.5033699870109558
[0 0 0 0 0 0 0 0 0 0 4 2 0 2 0 0]: 0.5027549862861633
[  0   0   0   0   0 128   0  32   0   0   0   0   8   0   0   0]: 0.5031599998474121
[  0   0   2   0 128   0   0   0   0   1   0   0   0   0   0   0]: 0.5080400109291077
[ 0  0  0  8 32  8  0  0  0  0  0  0  0  0  0  0]: 0.5096799731254578
[ 0  0  0  0  0  0  0 32  0  0  0  1  0  0  0  1]: 0.6234850287437439
[  0   0 128   0   0   0   0   0   0   0   1   0   0   8   0   0]: 0.5045899748802185
[  0   0   0   1  32   0   0   0   0   0   0   0   0   0 128   0]: 0.5031499862670898
[0 0 0 0 0 0 2 0 0 0 0 0 0 0 1 8]: 0.5118150115013123
[  0   0   0   0   0   0 128   0   0   0   0   0   0  16  64   0]: 0.5101450085639954
[ 32   0   0   0   0   0   2   0   0   0   0   0   0   0   0 128]: 0.5049700140953064
[ 0  0  0  0  0  0  0  2 16  0  0  0  0 64  0  0]: 0.5039849877357483
[ 0  0  0  0  0  0  2  0  0 32  0  8  0  0  0  0]: 0.5067650079727173
[ 0  0  4  0  0  0  0  0  0  0  0  0 32  0  0 64]: 0.5034800171852112
[  0   0   0   0  16   8   0   0   0   0   0 128   0   0   0   0]: 0.5056099891662598
[ 16   0 128   0   0   0  64   0   0   0   0   0   0   0   0   0]: 0.5181099772453308
[ 8  4  0  0  0  0  0  0  0  0  0  0  0  0  0 32]: 0.5023099780082703
[ 4  0  0  0  0  0  0 16  0  0  0  0  0  0  0  2]: 0.5056149959564209
[  0   0   0   0   1   0   0   4   0   0   0   0 128   0   0   0]: 0.5043100118637085
[ 0  4  0  0  0 32  0  0 16  0  0  0  0  0  0  0]: 0.518809974193573
[ 0  0  0  0  1  1  0  0  0  0 32  0  0  0  0  0]: 0.50593501329422
[ 0  0  0  4  0  0  0  0 64  0  0  0 16  0  0  0]: 0.5086600184440613
[64  0  0  0  0  0  0  0  0  0  0  0  0  0 32  2]: 0.5020250082015991
[0 0 0 4 0 4 0 0 0 0 0 1 0 0 0 0]: 0.5077700018882751
[ 0  8  0  0  0 32  0  0 32  0  0  0  0  0  0  0]: 0.5156649947166443
[136   2   0   0   0   0   0   0   0   0   0   0   0   0   0   0]: 0.516385018825531
[0.5, 0.55)    122
[0.55, 0.6)      5
[0.6, 0.65)      1
[0.65, 0.7)      0
[0.7, 0.75)      0
[0.75, 0.8)      0
Name: count, dtype: int64